GATE_GS_AB: 855,1511,48,35
GS_S05: 820,1671,48,35
GS_S02: 787,635,48,35
GS_S01: 209,2230,48,43
GS_R01: 754,1891,78,43
GS_R02: 974,1838,48,78
GS_R03: 1028,1816,54,78
GS_R04: 1081,1819,48,74
GS_R05: 1128,1847,55,35
GS_R06: 1137,614,48,78
GS_R07: 814,1817,48,74
GS_R10: 865,444,48,72
GS_R15: 865,1675,48,35
GS_R17: 840,1546,72,43
GS_R08: 926,1793,48,115
GS_R11: 919,1758,48,35
GS_R12: 910,1672,72,86
GS_R16: 852,1589,72,86
GS_R09: 862,1781,60,78
GS_R13: 1074,1743,56,74
GS_R14: 991,1726,69,36
GS_G03: 616,2013,48,121
GS_G10: 727,1933,180,43
GS_G08: 653,1961,72,43
GS_G01: 600,2173,98,74
GS_G02: 617,2134,55,39
GS_A09: 525,2138,72,43
GS_A05: 271,2124,123,79
GS_A02: 134,2130,64,35
GS_A01: 10,2124,125,43
GS_A03: 199,2133,72,91
GS_A08: 470,863,125,43
GS_A07: 394,2139,125,43
GS_A04: 217,816,113,35
GS_A06: 373,825,72,43
GS_A10: 540,826,72,43
GS_G19: 909,1919,76,43
GS_G20: 985,1924,124,43
GS_G18: 999,661,48,35
GS_G22: 1103,1939,72,45
GS_G21: 1053,659,48,35
GS_G09: 779,1966,48,41
GS_G23: 1125,693,48,35
GS_G17: 943,1981,72,86
GS_G11: 857,2035,48,35
GS_G07: 751,2072,72,86
GS_G24: 1012,2112,124,43
GS_G06: 691,2026,48,35
GS_G16: 899,2110,66,35
GS_G04: 645,2246,72,43
GS_G26: 919,2239,72,80
GS_G14: 852,2204,72,91
GS_G15: 868,2170,48,35
GS_G05: 717,2212,98,74
GS_BH1: 715,2179,152,35
GS_G12: 810,2249,48,35
GS_G30: 1034,2411,48,35
GS_G32: 1035,2446,48,78
GS_G29: 959,2363,72,84
GS_G31: 1082,1137,72,40
GS_G13: 871,2295,48,35
GS_G28: 911,2363,48,35
GS_G27: 864,2328,48,78
GS_G25: 921,2159,140,80
GS_G33: 1122,2158,150,35
GS_G34: 1170,2123,54,35
GS_G35: 1168,2008,58,115
GS_G37: 1238,2124,100,35
GS_G36: 1226,1997,48,35
GS_G38: 1272,2164,48,78
GS_G41: 1384,2112,48,35
GS_G44: 1441,2109,99,35
GS_OR1: 690,1029,202,35
GS_S03: 1337,2127,48,35
GS_G43: 1389,2060,72,43
GS_G42: 1387,883,48,78
GS_G39: 1228,2060,152,35
GS_G40: 1323,2165,48,35
GS_G45: 1371,2163,131,35
GS_S04: 1441,2253,48,35
GS_G46: 1538,2107,72,78
GS_M02: 1687,2221,72,43
GS_M04: 1819,2177,48,35
